125 71 51
85 111 62
109 89 64
110 98 61
80 80 122
85 108 117
92 79 74
52 115 80
84 85 64
82 113 121
61 56 95
108 84 112
72 91 49
122 125 107
87 59 68
58 51 64
110 83 74
125 82 103
105 86 81
92 108 76
124 49 61
119 77 71
101 76 54
68 73 83
112 118 113
87 59 87
117 80 65
70 53 105
93 51 102
92 67 115
48 95 111
117 89 54
100 67 117
54 51 73
70 120 66
72 110 64
120 88 64
50 48 71
92 106 101
121 90 108
76 60 84
109 63 68
122 63 69
56 76 52
86 60 79
52 49 123
54 67 55
124 59 101
103 107 95
104 64 58
67 54 55
124 64 116
98 66 120
87 48 61
120 53 118
109 84 124
89 89 84
122 104 95
92 113 90
66 83 57
100 85 81
90 86 105
90 87 107
52 73 97
85 120 90
81 114 65
119 52 57
60 91 91
67 86 115
65 93 65
105 87 122
124 115 50
113 120 106
61 114 107
96 61 101
110 50 63
105 119 53
67 59 91
55 103 56
109 70 62
111 99 84
60 80 96
123 97 51
97 108 66
93 120 81
107 88 111
74 92 60
62 92 86
75 62 94
64 117 49
90 111 84
51 109 75
116 119 113
102 108 118
59 81 70
79 66 111
70 75 80
93 82 93
68 66 124
89 51 99
105 69 82
104 52 79
63 59 112
56 78 82
100 93 91
90 104 72
95 74 116
124 51 106
123 90 75
85 100 53
112 122 113
97 62 60
78 87 114
110 80 117
125 116 58
66 116 102
91 56 87
83 104 124
119 77 107
50 123 66
61 109 84
121 91 96
104 96 57
50 114 109
91 116 81
86 114 61
61 56 85
80 119 57
77 104 77
92 104 118
98 57 103
120 69 50
112 96 79
71 74 90
71 91 100
103 110 58
76 79 49
60 48 88
79 121 87
122 89 71
74 55 72
66 125 50
86 88 109
55 89 102
81 75 63
106 86 79
76 89 48
90 111 59
91 123 108
125 99 61
101 59 71
49 99 55
115 119 85
89 103 93
101 90 54
101 53 89
58 75 122
123 109 94
53 112 119
81 72 85
95 84 73
61 118 68
92 108 96
51 78 73
61 52 90
100 79 78
79 50 54
107 71 124
82 78 84
115 67 53
63 107 94
49 113 115
124 53 98
122 108 93
79 102 119
97 79 84
112 75 55
85 107 70
113 54 124
81 99 116
82 99 68
52 56 110
57 66 100
67 120 116
103 105 74
80 83 71
115 113 52
116 108 63
69 68 115
89 51 93
67 58 80
121 94 50
48 75 93
52 94 107
82 79 99
78 66 119
79 110 115
101 77 73
81 113 121
97 100 52
79 80 89
113 100 92
79 120 115
66 69 93
112 82 122
66 52 50
81 61 113
52 53 103
60 75 86
101 108 109
81 104 110
123 103 48
92 57 52
121 96 117
92 55 85
104 97 110
69 79 115
68 93 59
95 124 102
67 89 99
75 61 99
94 48 65
48 62 119
107 106 56
120 81 105
49 121 59
58 88 48
108 114 52
79 83 70
110 59 124
84 117 121
65 67 116
83 99 124
101 62 78
114 113 86
65 48 52
121 93 59
71 81 106
120 83 97
80 56 119
120 102 100
84 93 84
117 67 100
98 53 125
62 103 98
50 75 101
60 58 118
59 101 113
66 95 116
108 69 48
74 78 50
58 99 64
61 75 107
110 60 48
114 82 51
66 66 49
125 69 87
124 77 114
60 54 88
69 115 92
55 74 103
117 92 65
83 88 115
102 123 58
62 107 103
68 114 78
73 77 119
97 119 73
98 120 120
54 68 101
50 92 122
119 108 106
54 78 70
125 112 102
50 58 59
113 116 96
56 58 97
94 75 120
88 115 50
119 49 89
76 57 56
102 80 108
120 83 72
58 80 119
61 122 72
65 80 70
123 94 116
48 118 82
77 100 48
101 120 103
59 85 59
125 113 101
60 92 108
94 71 117
56 76 59
61 123 125
85 90 77
84 78 61
70 115 73
62 106 58
82 74 97
66 124 50
88 120 58
108 95 55
114 76 94
66 79 56
115 48 117
93 67 101
84 84 93
106 82 61
57 117 60
115 60 58
108 121 97
77 53 60
81 94 67
97 49 62
87 112 95
84 51 65
89 101 108
102 51 66
50 77 91
51 86 102
93 105 67
75 114 120
101 115 91
84 122 116
95 51 97
83 107 93
110 67 110
87 120 102
71 80 60
102 51 108
60 48 109
108 82 121
53 106 99
51 118 83
119 89 92
82 83 117
76 79 60
79 109 59
98 56 80
124 108 56
84 106 73
102 80 105
94 57 121
97 55 50
63 74 122
51 68 75
121 68 93
113 56 77
122 87 62
86 113 73
115 73 69
67 89 77
63 108 55
89 103 91
69 93 77
121 72 82
87 48 55
107 110 116
62 64 95
54 91 117
67 93 73
100 50 83
96 51 52
106 48 63
99 107 117
74 106 76
77 110 50
113 110 60
67 78 119
86 124 125
93 99 90
97 102 81
118 56 91
81 72 66
86 64 111
124 85 110
88 68 60
117 67 53
65 87 99
61 66 109
67 70 71
60 92 110
102 112 55
119 102 63
49 65 104
112 110 66
103 54 122
80 67 103
119 48 89
94 121 99
100 121 76
55 99 109
102 74 64
102 51 88
116 121 100
81 48 117
122 93 80
115 66 77
109 101 107
75 77 64
114 101 82
60 119 92
121 57 125
48 95 59
76 119 61
51 124 116
81 88 105
56 66 61
113 120 79
81 105 122
48 66 108
64 102 48
58 116 80
116 104 63
89 56 83
81 96 101
83 122 50
90 102 57
66 125 99
123 65 49
98 120 74
62 106 78
90 93 63
110 55 116
89 107 66
111 106 124
107 99 60
111 122 92
91 49 78
62 55 67
60 119 78
102 74 60
95 86 83
80 76 99
117 115 79
80 108 92
107 89 111
79 53 116
50 70 111
87 106 56
53 82 102
94 89 60
67 76 125
84 70 87
113 89 49
93 88 49
102 107 103
74 100 70
65 79 94
99 60 102
67 69 65
108 106 120
88 69 64
87 123 53
60 79 67
57 106 54
50 71 59
117 115 104
106 89 76
124 121 97
60 123 79
116 118 65
72 122 97
70 85 98
97 101 90
63 111 90
81 120 51
50 125 86
68 94 49
95 96 63
113 91 65
84 57 118
53 62 109
52 74 88
73 119 69
56 107 86
102 87 57
73 48 70
94 107 74
80 63 55
116 91 48
57 67 113
56 57 68
62 100 102
71 120 79
61 66 75
100 87 106
114 119 59
90 118 94
95 119 60
93 79 90
103 69 106
68 124 48
104 110 60
69 98 51
88 52 119
88 122 105
91 72 65
82 80 108
64 101 58
118 62 120
117 92 84
48 59 79
79 84 61
77 80 49
100 105 77
76 107 82
59 66 98
74 101 75
85 71 61
72 120 119
107 102 112
100 121 50
112 79 81
63 71 49
108 67 123
82 51 115
71 92 69
103 93 68
109 59 101
124 89 77
50 59 118
107 61 52
124 117 48
85 86 88
75 53 103
63 76 102
69 116 63
82 94 106
63 106 49
75 95 48
122 56 123
106 55 74
49 65 115
100 55 48
59 57 83
62 56 49
100 125 71
85 57 80
85 110 95
75 52 82
101 111 58
62 104 55
58 118 53
67 98 66
67 111 65
80 116 94
57 87 48
88 80 106
111 118 117
99 101 74
115 85 81
117 89 76
118 64 71
88 81 63
89 62 67
125 68 99
81 98 63
117 72 118
50 103 117
112 77 85
99 94 109
69 119 87
122 83 91
93 97 71
124 53 49
117 70 124
74 66 85
81 55 57
51 72 99
99 113 61
59 75 83
89 58 71
81 60 104
117 78 117
105 62 48
95 70 110
118 50 63
92 110 104
109 63 87
66 88 73
94 69 109
67 67 124
54 69 123
91 121 122
121 125 106
60 99 81
117 57 57
108 82 82
83 75 90
86 108 67
100 86 106
63 84 87
64 77 87
78 62 106
60 53 90
122 81 60
66 90 98
83 84 122
72 90 82
90 77 110
68 66 61
78 90 50
88 90 95
91 54 66
114 76 74
56 61 120
74 85 122
119 110 73
117 78 113
91 71 72
82 100 117
66 59 62
54 113 95
99 83 107
88 66 62
58 66 120
78 125 64
63 115 56
116 96 115
114 125 58
105 118 93
71 107 110
66 115 78
91 109 108
58 74 122
56 114 123
105 124 103
83 121 116
67 105 118
112 104 82
116 87 112
116 104 94
66 107 97
107 87 109
63 102 71
105 110 98
93 111 85
89 106 83
120 97 116
93 67 110
121 48 96
51 116 68
119 108 84
115 57 120
68 106 94
114 119 99
107 62 119
99 82 122
50 106 67
93 109 89
85 121 88
89 58 59
103 102 79
102 106 122
74 81 53
71 108 68
49 61 102
121 76 53
116 60 85
88 78 89
112 124 119
90 89 113
109 104 49
98 60 99
91 67 111
120 119 71
85 62 66
91 125 74
119 120 83
89 124 63
94 92 79
59 100 93
55 109 80
96 84 86
59 95 99
48 74 118
116 98 97
86 74 68
73 99 92
58 95 125
116 94 92
81 68 110
54 111 118
102 76 79
107 68 56
105 92 121
93 125 52
104 99 103
123 60 77
109 125 83
94 65 106
90 70 67
110 103 68
59 53 110
117 89 57
124 103 121
55 111 101
92 60 85
49 122 112
118 65 52
90 81 52
67 62 101
83 68 70
65 61 108
113 53 67
77 56 111
54 98 100
59 97 51
109 87 97
58 109 116
89 91 48
96 117 98
67 115 120
72 55 106
106 62 97
104 97 57
65 84 90
113 78 93
72 102 81
101 125 71
69 84 101
108 104 90
70 125 103
66 93 62
111 124 89
120 72 92
85 58 76
51 107 111
79 88 83
64 67 117
48 104 124
122 48 98
96 114 104
74 74 57
57 114 91
65 122 109
85 52 111
97 83 125
116 99 59
53 105 106
55 103 101
110 60 77
55 61 95
61 70 120
95 99 69
81 80 65
102 109 83
51 76 111
84 73 57
67 106 118
61 88 68
78 111 76
68 84 93
122 78 76
103 107 67
109 81 98
59 94 122
51 93 108
116 97 86
84 68 69
68 72 91
77 118 100
81 112 123
86 68 65
100 79 57
67 63 104
62 105 85
122 76 72
58 78 84
65 85 99
74 61 51
64 125 78
122 78 55
77 123 78
64 61 60
55 102 98
51 83 75
76 120 120
82 112 70
97 60 63
94 122 73
121 65 64
100 67 95
103 117 120
62 55 107
87 115 101
109 108 113
66 121 96
79 112 93
107 94 52
59 72 89
84 70 117
56 57 54
107 53 75
61 62 72
70 69 101
54 79 78
70 70 63
112 88 67
52 86 61
123 95 102
88 78 56
111 89 76
119 99 89
83 61 51
88 55 68
87 49 59
49 81 79
106 67 103
119 68 82
89 93 53
58 113 100
77 54 122
100 101 109
77 50 72
51 107 116
113 121 112
53 115 63
87 85 85
58 58 81
113 81 54
115 80 77
97 111 115
83 73 91
59 122 106
92 113 85
53 49 78
110 58 67
87 92 125
66 106 63
87 76 111
95 117 122
88 91 93
73 94 121
93 100 50
59 73 100
108 53 52
88 56 67
85 117 121
89 119 78
119 56 97
107 118 106
56 53 56
49 77 58
115 95 110
107 60 69
68 48 65
112 53 52
84 72 102
93 51 84
85 104 97
60 59 77
121 82 87
58 125 116
95 97 57
104 57 71
105 104 62
100 55 125
106 95 119
89 80 70
111 98 91
113 117 49
93 59 64
74 92 75
106 111 81
109 103 66
90 58 118
75 104 92
102 70 93
120 78 52
95 108 104
70 125 67
68 73 82
63 93 92
55 89 73
72 60 57
59 51 82
102 94 78
84 105 125
94 52 118
121 59 118
110 104 54
104 62 65
117 120 118
57 120 69
79 99 73
80 94 111
93 105 115
100 96 118
106 111 112
95 65 78
107 123 114
67 124 67
62 72 57
48 58 73
116 83 72
79 54 96
52 71 69
123 116 96
101 48 93
73 93 58
90 73 76
59 76 108
106 72 72
78 107 74
121 55 115
104 89 78
65 94 109
100 74 68
83 102 81
63 91 111
112 77 61
50 56 96
103 54 55
75 78 68
92 86 95
64 51 91
111 57 49
66 102 76
63 101 49
103 78 65
55 85 101
111 102 75
101 89 122
79 89 90
63 100 87
65 61 103
122 93 85
49 69 76
118 72 53
73 75 108
68 107 91
107 113 118
82 87 123
94 77 49
107 62 54
96 117 93
65 67 123
70 88 97
85 109 52
81 107 108
102 69 98
83 74 55
84 81 61
108 82 92
123 60 87
93 68 112
54 65 111
125 62 90
51 74 104
52 69 125
95 107 121
50 75 52
92 71 59
55 84 89
85 76 50
69 101 52
114 57 70
50 95 64
116 122 106
51 115 123
96 59 117
82 63 60
87 88 53
92 121 67
102 104 81
58 79 66
72 56 123
114 121 109
103 108 90
92 85 94
95 79 81
97 77 66
122 110 70
99 70 123
70 96 116
110 120 63
75 84 74
48 56 121
77 72 113
108 66 90
51 90 114
100 59 63
93 57 121
101 59 96
72 72 112
57 69 74
49 123 49
67 123 83
70 86 59
86 95 69
54 95 112
109 107 81
120 108 102
88 93 106
59 77 102
124 98 66